file_size: [8, 16, 24, 32]
AES_256_CBC_enc_time: [0.015625, 0.046875, 0.09375, 0.09375]
AES_256_CFB_enc_time: [0.265625, 0.515625, 0.859375, 1.0625]
AES_256_CTR_enc_time: [0.015625, 0.015625, 0.046875, 0.046875]
RSA_2048_enc_time: [120.453125, 247.046875, 369.375, 520.59375]
ARC4_enc_time: [0.03125, 0.0625, 0.078125, 0.109375]
Salsa20_enc_time: [0.046875, 0.09375, 0.125, 0.171875]
SHA256_enc_time: [0.046875, 0.078125, 0.125, 0.171875]
SHA512_enc_time: [0.078125, 0.15625, 0.21875, 0.296875]
HMAC_SHA256_enc_time: [0.03125, 0.109375, 0.125, 0.171875]
CMAC_AES_enc_time: [0.03125, 0.078125, 0.078125, 0.09375]
